[ 1.91939489 -1.65498316  1.        ]
[ 2.03160971 -1.63603296  1.        ]
[-1.26071097  0.64324056  0.        ]
[ 1.87005236 -1.61274266  1.        ]
[ 2.09099583 -1.71691115  1.        ]
[-1.97920164  0.99775123  3.        ]
[-1.26807312  0.67433168  0.        ]
[ 1.27675605 -0.7234709   2.        ]
[-1.25918955  0.71096675  0.        ]
[ 1.31780089 -0.77393153  2.        ]
[ 1.11213683 -0.64341504  2.        ]
[-1.94047211  1.00757284  3.        ]
[ 1.92760845 -1.70666634  1.        ]
[-1.35057715  0.48468214  0.        ]
[-1.77651761  0.95046482  3.        ]
[-1.93291405  0.85129358  3.        ]
[-1.80320059  1.00321887  3.        ]
[-1.86225615  0.9786492   3.        ]
[-1.14640101  0.697612    0.        ]
[ 1.47117572 -1.02884991  2.        ]
[-1.08494824  0.60584136  0.        ]
[-1.03858667  0.56754445  0.        ]
[ 1.94156757 -1.38230049  1.        ]
[ 1.24685448 -0.77650751  2.        ]
[ 1.91826244 -1.77603397  1.        ]
[ 2.04345918 -1.71396774  1.        ]
[-2.00692405  0.97587131  3.        ]
[-1.13741755  0.55092073  0.        ]
[-1.86933102  0.93710591  3.        ]
[-1.79914579  0.97212654  3.        ]
[-1.20210253  0.52412161  0.        ]
[ 1.30727623 -1.03946842  2.        ]
[-1.86242529  1.02481714  3.        ]
[ 1.33615518 -0.88733125  2.        ]
[-1.95533865  0.9093708   3.        ]
[-1.14015451  0.51736119  0.        ]
[ 1.24597607 -0.94269462  2.        ]
[-1.97245545  0.97774088  3.        ]
[ 1.21535589 -0.92974221  2.        ]
[ 1.16272739 -0.92316816  2.        ]
[-1.92266193  0.88239439  3.        ]
[-0.97470689  0.62993406  0.        ]
[ 1.1906977  -0.89398615  2.        ]
[ 2.12946404 -1.35332954  1.        ]
[ 1.22567823 -0.82318286  2.        ]
[ 2.02098229 -1.48306844  1.        ]
[ 1.11218288 -0.77745525  2.        ]
[ 1.19902573 -0.84829431  2.        ]
[ 1.91182429 -1.69737791  1.        ]
[ 1.07758944 -0.75975266  2.        ]
[-1.80691801  0.89162353  3.        ]
[-1.15922361  0.49580537  0.        ]
[-1.06398559  0.53435099  0.        ]
[-1.86336013  1.03211854  3.        ]
[-0.9506809   0.43683512  0.        ]
[ 2.03203579 -1.46255653  1.        ]
[-1.89070381  0.92460061  3.        ]
[-1.87391321  0.88310268  3.        ]
[ 1.2744694  -0.97716656  2.        ]
[ 1.01352428 -1.01393717  2.        ]
[-1.21257593  0.40012218  0.        ]
[ 1.96521566 -1.56869007  1.        ]
[-1.9796821   1.08563046  3.        ]
[-1.86549125  0.95162186  3.        ]
[-1.29008056  0.63413381  0.        ]
[-1.68088932  0.86178285  3.        ]
[-1.15680146  0.66236242  0.        ]
[ 1.82263758 -1.53162321  1.        ]
[ 1.97003633 -1.48913795  1.        ]
[ 1.99022502 -1.5908644   1.        ]
[-1.95845504  0.99575089  3.        ]
[ 1.1281019  -0.74717552  2.        ]
[-1.10412536  0.54350005  0.        ]
[ 1.16987551 -0.92474893  2.        ]
[ 2.09123474 -1.5408565   1.        ]
[ 1.22121224 -0.76267517  2.        ]
[ 1.20386927 -0.9422659   2.        ]
[ 1.852399  -1.5843196  1.       ]
[-1.06876013  0.52441629  0.        ]
[ 2.05079469 -1.56843091  1.        ]
[ 2.05445686 -1.66790465  1.        ]
[-1.2850255   0.44449819  0.        ]
[-1.22045538  0.49440439  0.        ]
[-1.13499291  0.70413409  0.        ]
[-1.85778449  0.8615405   3.        ]
[ 1.89061084 -1.44722078  1.        ]
[ 1.20226295 -1.03896098  2.        ]
[ 1.13022439 -1.04633482  2.        ]
[-1.27209484  0.7112184   0.        ]
[ 1.88383169 -1.56004214  1.        ]
[ 1.95311442 -1.58862947  1.        ]
[ 1.16887564 -0.8978133   2.        ]
[-1.22603033  0.63738853  0.        ]
[-1.65285105  0.97629519  3.        ]
[-1.92470276  0.96867628  3.        ]
[-1.17855759  0.46489633  0.        ]
[ 1.33052578 -0.87917153  2.        ]
[-1.9127123   0.92673817  3.        ]
[-1.13539962  0.61738485  0.        ]
[-1.14835144  0.6146801   0.        ]
[-0.98855923  0.55102599  0.        ]
[ 1.16545136 -1.03045023  2.        ]
[ 1.90177603 -1.65884448  1.        ]
[-1.16481858  0.49411838  0.        ]
[ 1.84680595 -1.56323415  1.        ]
[ 1.21530408 -0.823628    2.        ]
[-1.13175473  0.58274863  0.        ]
[ 2.08964256 -1.52098112  1.        ]
[-2.00464089  1.00351959  3.        ]
[ 1.47760985 -0.81895473  2.        ]
[-1.25166833  0.52596779  0.        ]
[-1.15961721  0.59317541  0.        ]
[-1.81450262  1.09538798  3.        ]
[ 2.00500308 -1.57776608  1.        ]
[-1.05610134  0.59746623  0.        ]
[-1.89306618  1.15584712  3.        ]
[ 2.01076932 -1.87491996  1.        ]
[-1.99602879  0.9375754   3.        ]
[-1.77081466  0.82287029  3.        ]
[-1.79650931  1.04913655  3.        ]
[-1.23475185  0.48171709  0.        ]
[ 1.87443766 -1.5508765   1.        ]
[-1.01083425  0.50611081  0.        ]
[-1.77580159  0.9778794   3.        ]
[ 2.16239693 -1.61767214  1.        ]
[-1.18802252  0.67972293  0.        ]
[-0.89838     0.67718796  0.        ]
[-1.97266819  1.0630563   3.        ]
[ 1.23594035 -0.80006684  2.        ]
[ 1.14329876 -0.81011218  2.        ]
[ 1.23756531 -1.00464098  2.        ]
[-1.30788173  0.53638825  0.        ]
[-1.1705389   0.66786613  0.        ]
[-1.24506057  0.59067881  0.        ]
[-1.19792238  0.64006763  0.        ]
[-1.72065407  0.9092883   3.        ]
[ 1.87887286 -1.47384232  1.        ]
[ 0.9438139  -0.68763432  2.        ]
[ 1.99148601 -1.57231858  1.        ]
[-1.32533693  0.54607473  0.        ]
[ 2.07755778 -1.58376365  1.        ]
[ 1.39766175 -0.99967887  2.        ]
[ 1.93016443 -1.31555031  1.        ]
[ 1.95219174 -1.64666534  1.        ]
[ 2.04559389 -1.58671668  1.        ]
[ 2.06171069 -1.47927982  1.        ]
[ 1.41239774 -0.79689873  2.        ]
[ 1.16501329 -1.17804166  2.        ]
[ 2.11789412 -1.57440533  1.        ]
[ 1.90409522 -1.65000507  1.        ]
[ 2.13154487 -1.56484469  1.        ]
[-1.30179129  0.57613698  0.        ]
[ 1.02640041 -0.90855513  2.        ]
[ 1.8575067  -1.69147005  1.        ]
[-1.90742757  0.98967763  3.        ]
[-1.91400491  0.93614329  3.        ]
[-1.21570536  0.5438969   0.        ]
[ 1.2892814  -0.77408046  2.        ]
[ 1.85796485 -1.5858201   1.        ]
[ 1.13362105 -0.91338874  2.        ]
[ 1.10980347 -1.05697206  2.        ]
[ 1.2841156  -0.90959733  2.        ]
[-1.84961278  0.87975716  3.        ]
[ 1.32151422 -0.85251045  2.        ]
[-2.02131101  1.05812932  3.        ]
[ 1.96233662 -1.57130683  1.        ]
[-1.34645268  0.46637169  0.        ]
[ 1.1937467  -1.05376143  2.        ]
[-1.08959609  0.67593372  0.        ]
[-1.99449337  0.88119482  3.        ]
[ 1.18774879 -0.89372161  2.        ]
[ 2.07973305 -1.68302319  1.        ]
[-1.03213023  0.52630763  0.        ]
[-1.67930035  0.91276406  3.        ]
[ 1.90434068 -1.59520018  1.        ]
[ 1.28488002 -0.94305258  2.        ]
[-1.23608608  0.40730665  0.        ]
[-1.81022805  0.84452349  3.        ]
[ 1.34845294 -0.82740001  2.        ]
[-1.13568969  0.67817509  0.        ]
[-1.15713133  0.46577899  0.        ]
[-1.19320117  0.49041713  0.        ]
[ 2.05351349 -1.72840158  1.        ]
[-1.87913834  0.90665113  3.        ]
[ 2.06804991 -1.60825521  1.        ]
[ 1.11069705 -1.04872035  2.        ]
[ 1.09355045 -0.69383038  2.        ]
[ 1.13069251 -0.89692731  2.        ]
[ 2.03138619 -1.56461365  1.        ]
[-1.27238354  0.56957224  0.        ]
[ 2.01548314 -1.5650032   1.        ]
[ 1.96404213 -1.54591661  1.        ]
[-1.24638607  0.72399544  0.        ]
[ 1.33097157 -0.73678102  2.        ]
[ 2.0631101  -1.72316817  1.        ]
[ 1.21523529 -0.9566511   2.        ]
[ 1.98855524 -1.5619147   1.        ]
[ 1.88095098 -1.4669969   1.        ]
[-1.20179615  0.63335681  0.        ]
[-1.793012   0.9389632  3.       ]
[ 1.21139253 -0.84217618  2.        ]
[-1.8172517   1.01922193  3.        ]
[-1.79906767  0.88057682  3.        ]
[ 1.36625117 -0.9069058   2.        ]
[ 1.15507832 -0.80179318  2.        ]
[ 1.11732559 -0.91469884  2.        ]
[ 1.99640208 -1.51444767  1.        ]
[ 1.40922282 -0.93842635  2.        ]
[ 1.17762283 -0.82479953  2.        ]
[ 1.13317643 -0.76112061  2.        ]
[ 0.95006928 -0.76363215  2.        ]
[ 1.16364316 -1.01812988  2.        ]
[-1.8601605   0.99201737  3.        ]
[ 1.31691105 -0.84780364  2.        ]
[-1.40281365  0.64826141  0.        ]
[-1.06201047  0.69755975  0.        ]
[-1.25041624  0.5655693   0.        ]
[ 1.12786517 -0.91892985  2.        ]
[ 1.08887514 -0.75600026  2.        ]
[ 1.84849231 -1.76962385  1.        ]
[-1.17032934  0.51271827  0.        ]
[ 1.99913969 -1.74806673  1.        ]
[ 2.06061288 -1.52762865  1.        ]
[-1.90790273  0.99332323  3.        ]
[-1.9746783   1.10154665  3.        ]
[-1.28975961  0.51105837  0.        ]
[-1.96915948  0.99789196  3.        ]
[ 2.06957985 -1.50025432  1.        ]
[ 1.22370619 -0.91640482  2.        ]
[ 1.85352111 -1.63282702  1.        ]
[ 1.286958   -0.93467249  2.        ]
[-1.17305247  0.49326999  0.        ]
[ 1.14617465 -0.91924916  2.        ]
[ 1.95748524 -1.74797655  1.        ]
[ 1.94054516 -1.61054742  1.        ]
[-1.13870641  0.47863087  0.        ]
[-1.14184346  0.50402509  0.        ]
[ 1.04942213 -0.8407045   2.        ]
[-1.89391283  0.73248512  3.        ]
[ 1.33890477 -0.78726727  2.        ]
[ 1.73136153 -1.64435223  1.        ]
[ 2.10984574 -1.56916226  1.        ]
[ 0.9913321 -0.8323201  2.       ]
[-1.99882308  1.09787711  3.        ]
[-1.21874075  0.53429288  0.        ]
[ 1.20594298 -0.85765179  2.        ]
[ 1.82371037 -1.68267837  1.        ]
[ 2.01507834 -1.59012764  1.        ]
[ 1.19640336 -0.74512698  2.        ]
[ 2.00366771 -1.47476914  1.        ]
[-1.83154216  1.0852695   3.        ]
[-1.78385808  0.97028436  3.        ]
[-1.8958457   0.97664192  3.        ]
[ 1.88289472 -1.57656735  1.        ]
[-1.26077321  0.62142978  0.        ]
[-1.78204763  0.85536505  3.        ]
[ 1.09214866 -0.84211875  2.        ]
[ 1.48863492 -0.82098972  2.        ]
[ 1.88938912 -1.52973128  1.        ]
[ 1.99226553 -1.39956998  1.        ]
[-1.93162858  0.99294871  3.        ]
[ 1.07801232 -0.83325231  2.        ]
[-1.05846147  0.52704146  0.        ]
[ 1.95475428 -1.57199203  1.        ]
[-1.34965292  0.61974864  0.        ]
[-1.16200483  0.53502633  0.        ]
[-1.40307054  0.44866236  0.        ]
[-1.93269659  0.92237239  3.        ]
[-1.89125416  0.95242898  3.        ]
[-1.78922011  0.99497748  3.        ]
[-1.7475113   1.06633415  3.        ]
[ 1.18752819 -0.82011714  2.        ]
[ 1.76804056 -1.60273883  1.        ]
[ 1.16244657 -1.000952    2.        ]
[-2.0075544   1.03971122  3.        ]
[ 2.03037084 -1.64051925  1.        ]
[ 2.00662664 -1.54717424  1.        ]
[ 1.21026522 -0.90477446  2.        ]
[ 2.1326181  -1.65541038  1.        ]
[ 1.16442209 -0.94498482  2.        ]
[ 1.95705742 -1.38252859  1.        ]
[-1.16135992  0.71525673  0.        ]
[ 1.09003674 -0.83709698  2.        ]
[ 1.30391682 -0.74704259  2.        ]
[ 1.11553134 -0.756934    2.        ]
[ 1.97107656 -1.57490971  1.        ]
[-1.29420317  0.60009282  0.        ]
[ 1.25404088 -0.93619042  2.        ]
[-1.92846954  0.99877268  3.        ]
[-1.22853251  0.56244892  0.        ]
[ 1.24237333 -0.93522786  2.        ]
[ 1.06644852 -0.93733534  2.        ]
[-1.90348981  0.81408006  3.        ]
[ 0.98619335 -0.67949067  2.        ]
[-1.7813924   0.86230767  3.        ]
[ 1.89208185 -1.62437508  1.        ]
[ 1.38627079 -0.77236486  2.        ]
[ 1.76981228 -1.61390979  1.        ]
[ 1.22867324 -1.1609899   2.        ]
[-1.10151815  0.70678575  0.        ]
[-1.79861569  1.10377062  3.        ]
[-1.12148917  0.5041757   0.        ]
[-1.26679155  0.62973977  0.        ]
[-0.99821337  0.56383597  0.        ]
[ 1.22088438 -0.84696223  2.        ]
[-1.04023119  0.66796034  0.        ]
[ 1.34484511 -0.95102253  2.        ]
[-1.96231482  0.89213094  3.        ]
[-1.14246287  0.64157036  0.        ]
[-1.83960933  0.82297052  3.        ]
[ 1.20575039 -0.89659684  2.        ]
[ 1.31813984 -0.98944987  2.        ]
[-2.03046892  0.91592488  3.        ]
[ 1.13317097 -0.92733196  2.        ]
[-1.81743672  1.14540319  3.        ]
[ 2.11551049 -1.59818562  1.        ]
[-1.26035377  0.58970209  0.        ]
[ 1.96373648 -1.78512598  1.        ]
[ 2.13768338 -1.5156563   1.        ]
[ 1.16171766 -1.08621079  2.        ]
[-2.00642435  0.98930241  3.        ]
[ 1.88965529 -1.56929864  1.        ]
[ 1.15153031 -0.85027822  2.        ]
[ 1.24176081 -0.75232878  2.        ]
[-1.80794099  0.9190587   3.        ]
[-1.32801046  0.36851774  0.        ]
[-1.8585205   0.78859463  3.        ]
[ 2.05091771 -1.65797977  1.        ]
[-1.87906416  0.93486463  3.        ]
[ 1.80441939 -1.52406345  1.        ]
[ 2.07535761 -1.71788355  1.        ]
[-1.33310396  0.57236599  0.        ]
[-1.2052999   0.63718588  0.        ]
[ 2.06360514 -1.51400043  1.        ]
[ 2.12907691 -1.54115516  1.        ]
[-1.87386392  1.02226947  3.        ]
[-1.20021843  0.47363872  0.        ]
[ 1.98812753 -1.63587929  1.        ]
[-1.08186287  0.58626188  0.        ]
[-1.12809602  0.32303818  0.        ]
[-1.12953984  0.51917974  0.        ]
[-1.83584152  1.00776397  3.        ]
[-1.62260423  0.94137934  3.        ]
[-1.9581203   1.14803271  3.        ]
[-1.2895925   0.51363074  0.        ]
[-1.94398293  1.03790862  3.        ]
[ 1.49290355 -0.77623426  2.        ]
[-1.11848903  0.47379031  0.        ]
[-1.86150165  0.7893276   3.        ]
[ 2.01836687 -1.43857372  1.        ]
[-1.24466992  0.52386782  0.        ]
[-1.88488227  0.90023208  3.        ]
[ 2.04662717 -1.37222706  1.        ]
[ 2.01654471 -1.52219573  1.        ]
[-1.79038734  0.83925819  3.        ]
[ 1.98487571 -1.76508911  1.        ]
[-1.94821541  1.04794564  3.        ]
[-2.09481772  1.15011962  3.        ]
[ 1.24546109 -0.88530558  2.        ]
[-1.72604647  0.86025068  3.        ]
[-1.07911914  0.65364559  0.        ]
[ 1.81229847 -1.65069702  1.        ]
[-1.13219797  0.54008094  0.        ]
[-1.70728723  1.09503636  3.        ]
[-1.95375533  0.83318771  3.        ]
[ 1.84197059 -1.77436005  1.        ]
[ 1.24760855 -0.89900145  2.        ]
[ 1.95572576 -1.65991733  1.        ]
[-1.09806277  0.79183076  0.        ]
[ 1.86135455 -1.69126627  1.        ]
[-1.20667742  0.49157056  0.        ]
[-1.05085925  0.59174953  0.        ]
[ 1.96771695 -1.66361378  1.        ]
[-1.1660365   0.52623682  0.        ]
[ 1.09163674 -0.67221811  2.        ]
[ 1.27206065 -0.82068815  2.        ]
[ 1.87026773 -1.58307642  1.        ]
[ 1.14002871 -0.83359138  2.        ]
[-1.75896094  0.9513589   3.        ]
[-1.13624381  0.52839994  0.        ]
[ 2.01858602 -1.69868901  1.        ]
[-1.21455396  0.53631194  0.        ]
[-1.86278995  1.06791051  3.        ]
[-1.22189678  0.4958512   0.        ]
[ 1.19661258 -0.66208548  2.        ]
[ 1.06931986 -0.76778398  2.        ]
[-1.25336685  0.6866818   0.        ]
[-1.23332963  0.61324167  0.        ]
[ 1.33435423 -0.73462492  2.        ]
[ 1.31571172 -0.81540827  2.        ]
[ 2.01293053 -1.60868339  1.        ]
[ 1.13762768 -0.8508591   2.        ]
[-1.28898842  0.5782996   0.        ]
[-1.25963586  0.45048404  0.        ]
[-1.25178685  0.61797263  0.        ]
[-0.94134056  0.65666351  0.        ]
[-1.77954526  0.97133497  3.        ]
[ 1.98077125 -1.56108134  1.        ]
[ 1.93760287 -1.644594    1.        ]
[-1.45385746  0.53741558  0.        ]
[-1.88473475  0.87785075  3.        ]
[-1.23365063  0.46570593  0.        ]
[-1.17251602  0.59384348  0.        ]
[ 1.11909784 -0.93141249  2.        ]
[-1.80359525  0.97163194  3.        ]
[-1.80083938  0.93711952  3.        ]
[-1.15295493  0.47842256  0.        ]
[ 2.17329003 -1.76620364  1.        ]
[-1.10425995  0.63901628  0.        ]
[ 1.32919369 -0.61509488  2.        ]
[ 2.03930774 -1.6192307   1.        ]
[ 1.12356519 -0.9355332   2.        ]
[-1.95676072  0.91375524  3.        ]
[ 1.96507623 -1.53738359  1.        ]
[ 1.29975975 -0.94963003  2.        ]
[ 0.97066502 -0.62039694  2.        ]
[-1.85791352  1.14063798  3.        ]
[ 1.26243372 -0.93291935  2.        ]
[-1.85179232  1.04736521  3.        ]
[ 1.89183405 -1.51507361  1.        ]
[ 1.94021256 -1.60780142  1.        ]
[ 1.29837103 -0.96574649  2.        ]
[ 1.88786273 -1.64574514  1.        ]
[-1.23625296  0.51645627  0.        ]
[-1.13371565  0.51803859  0.        ]
[-1.20015224  0.61370986  0.        ]
[ 1.14553377 -0.9199776   2.        ]
[-1.72956912  0.86850739  3.        ]
[-1.22518681  0.75193044  0.        ]
[ 1.32035106 -0.90073424  2.        ]
[-1.82074983  0.93660297  3.        ]
[ 1.98907237 -1.70190144  1.        ]
[-1.16813452  0.64226379  0.        ]
[ 1.1645157  -0.81125557  2.        ]
[-1.85662997  0.93570807  3.        ]
[-1.20477562  0.63220206  0.        ]
[ 2.01546357 -1.5957933   1.        ]
[-1.94751428  1.06977661  3.        ]
[-1.87878779  0.8341131   3.        ]
[-1.18709938  0.52185287  0.        ]
[-1.08062893  0.57792044  0.        ]
[ 1.97857002 -1.74458646  1.        ]
[-1.40282035  0.43983931  0.        ]
[ 1.42993245 -0.76890266  2.        ]
[-1.28027502  0.5765706   0.        ]
[ 1.146851   -0.92474822  2.        ]
[ 1.28439008 -0.79729022  2.        ]
[ 2.02867206 -1.56961873  1.        ]
[-1.83938032  0.88370378  3.        ]
[-1.8215601   0.87748257  3.        ]
[ 1.90072215 -1.55128954  1.        ]
[ 1.20144351 -0.83108671  2.        ]
[ 1.18491426 -0.75018091  2.        ]
[ 1.11806105 -0.77976596  2.        ]
[ 0.98285906 -1.04721287  2.        ]
[-1.04189052  0.51615087  0.        ]
[-1.16914554  0.80257078  0.        ]
[ 2.01178979 -1.46908963  1.        ]
[-1.16966749  0.56378953  0.        ]
[-1.88892508  1.0507935   3.        ]
[-1.38174743  0.71908741  0.        ]
[-1.89320783  0.97477768  3.        ]
[-1.89915363  1.0458646   3.        ]
[ 1.30754016 -0.84205465  2.        ]
[ 2.04690155 -1.54226025  1.        ]
[ 1.97907813 -1.52423971  1.        ]
[ 1.86585351 -1.74534036  1.        ]
[-1.92142452  1.15317142  3.        ]
[-1.82107109  0.9025505   3.        ]
[ 1.15282217 -0.94342452  2.        ]
[ 1.87591887 -1.69184245  1.        ]
[-1.72987809  1.01687892  3.        ]
[ 2.05752178 -1.437313    1.        ]
[-1.27138838  0.58129163  0.        ]
[ 1.96574718 -1.55835928  1.        ]
[ 1.22626233 -0.9337076   2.        ]
[-1.04887966  0.45232854  0.        ]
[-1.84779308  1.14285456  3.        ]
[-1.1505856   0.49472854  0.        ]
[ 1.02782609 -0.90863237  2.        ]
[-1.73437957  0.97327209  3.        ]
[ 2.01015027 -1.29400128  1.        ]
[-1.77888924  0.72061713  3.        ]
[ 1.27736857 -0.88427088  2.        ]
[-1.13572893  0.83913392  0.        ]
[-1.22218121  0.44479055  0.        ]
[ 1.9875167  -1.57372402  1.        ]
[-1.80785981  0.92303834  3.        ]
[-1.8867306   0.80286138  3.        ]
[ 1.20850638 -0.97292534  2.        ]
[-1.7985826  1.0307302  3.       ]
[ 2.01192561 -1.49827879  1.        ]
[-1.74487657  1.0013822   3.        ]
[-1.87189449  0.80071363  3.        ]
[-1.20658187  0.57666666  0.        ]
[-1.25932475  0.63890745  0.        ]
[-1.86376906  0.94762834  3.        ]
[-1.73861602  1.04745339  3.        ]
[-2.01378108  0.91446147  3.        ]
[ 1.99567433 -1.61224435  1.        ]
[ 1.93548146 -1.60276569  1.        ]
[ 1.19540627 -0.74008616  2.        ]
[-1.92493787  0.85795957  3.        ]
[-1.38778935  0.58919454  0.        ]
[ 1.88190514 -1.67411301  1.        ]
[-1.89549675  0.98449044  3.        ]
[-1.71199766  1.17655261  3.        ]
[-1.29290585  0.62922137  0.        ]
[ 1.19287963 -0.94495058  2.        ]
[ 1.26707995 -0.8806828   2.        ]
[-1.26144069  0.3635008   0.        ]
[-1.92463749  0.84861428  3.        ]
[ 1.38835537 -0.85736805  2.        ]
[ 1.15022483 -0.94952168  2.        ]
[ 1.10348602 -0.87172882  2.        ]
[ 1.20506985 -0.80457824  2.        ]
[ 2.16079897 -1.7347481   1.        ]
[ 1.80889005 -1.62054022  1.        ]
[-1.24982925  0.53874736  0.        ]
[ 2.00447141 -1.58519831  1.        ]
[ 1.1818993  -0.71465898  2.        ]
[-1.21438117  0.67837307  0.        ]
[ 1.1430848  -0.86529742  2.        ]
[ 1.19882776 -0.67697111  2.        ]
[ 1.7245495  -1.55955305  1.        ]
[ 2.13853338 -1.66715387  1.        ]
[ 1.89780068 -1.66836458  1.        ]
[ 1.17911255 -0.81915222  2.        ]
[ 2.04279569 -1.64501192  1.        ]
[ 1.1391351  -1.01521764  2.        ]
[ 1.93263755 -1.33710499  1.        ]
[-1.35045145  0.53892874  0.        ]
[-1.65624925  0.84250082  3.        ]
[-1.17500542  0.63262324  0.        ]
[ 1.74232013 -1.46823951  1.        ]
[-2.00877506  1.00824428  3.        ]
[-1.18187529  0.4385912   0.        ]
[-2.07408235  0.86321902  3.        ]
[-1.8545759   1.01495801  3.        ]
[-1.77563039  0.89795202  3.        ]
[ 2.02478965 -1.5648422   1.        ]
[-1.21717505  0.67340847  0.        ]
[-1.20434593  0.57620671  0.        ]
[-1.88711593  0.99185374  3.        ]
[-2.05598793  1.04484801  3.        ]
[ 1.21831035 -0.9841923   2.        ]
[-1.62413528  0.93393097  3.        ]
[ 1.98429696 -1.48723277  1.        ]
[ 2.18527588 -1.41714882  1.        ]
[ 1.94245659 -1.69071857  1.        ]
[-1.77345117  1.03451193  3.        ]
[ 2.01595197 -1.70296876  1.        ]
[-1.24296862  0.60139812  0.        ]
[-1.98417937  0.96524051  3.        ]
[ 1.95411889 -1.60166008  1.        ]
[-1.90719087  0.88898445  3.        ]
[-1.93874083  0.98841072  3.        ]
[ 2.12198622 -1.59941857  1.        ]
[-1.80884092  1.02976095  3.        ]
[ 1.02578296 -0.94540281  2.        ]
[-1.14244985  0.73699339  0.        ]
[ 1.96303434 -1.82950156  1.        ]
[ 2.05226041 -1.603202    1.        ]
[-1.9080668   0.91430481  3.        ]
[ 1.17084443 -1.02379246  2.        ]
[-1.90176497  1.0011316   3.        ]
[-1.26467169  0.48994596  0.        ]
[-1.81260438  0.96785562  3.        ]
[-1.85889723  1.02293566  3.        ]
[ 1.80000485 -1.48456207  1.        ]
[ 1.19867294 -0.83643549  2.        ]
[-1.41479999  0.36085082  0.        ]
[ 2.06311425 -1.49041614  1.        ]
[ 1.28742962 -0.90743081  2.        ]
[-1.94447378  1.04205358  3.        ]
[-1.83952869  1.02747107  3.        ]
[ 1.23640129 -1.00539969  2.        ]
[-1.75507232  0.94406556  3.        ]
[-1.96845779  1.03416957  3.        ]
[-1.6617592   0.89135909  3.        ]
[-1.07277981  0.44836615  0.        ]
[-1.83315922  1.00355441  3.        ]
[ 2.16080214 -1.65217739  1.        ]
[ 1.27271038 -0.93631082  2.        ]
[-1.86040453  1.07804827  3.        ]
[ 1.26176034 -0.8923866   2.        ]
[-1.13447868  0.66416022  0.        ]
[-1.06992737  0.56109735  0.        ]
[-1.81581345  0.93277836  3.        ]
[ 1.25754178 -0.90419843  2.        ]
[ 1.22315186 -1.00874375  2.        ]
[-1.87478595  0.89276202  3.        ]
[ 1.99784313 -1.63268173  1.        ]
[-1.09856581  0.7503394   0.        ]
[-1.14036413  0.58166409  0.        ]
[-1.89285843  1.05845314  3.        ]
[-1.17234489  0.71087031  0.        ]
[ 1.86549395 -1.83609072  1.        ]
[ 1.98850233 -1.69582258  1.        ]
[-1.23968674  0.69534797  0.        ]